N = 11
Integral = 0.291261
Error = 0.0984949
Time = 1.01692 s
