N = 17
Integral = 0.190413
Error = 0.00235231
Time = 7.09206 s
