N = 21
Integral = 0.204307
Error = 0.0115413
Time = 45.1138 s
