N = 7
Integral = 0.154422
Error = 0.0383437
Time = 0.0532172 s
