N = 19
Integral = 0.194732
Error = 0.00196593
Time = 15.3544 s
