N = 23
Integral = 0.199232
Error = 0.00646617
Time = 78.8199 s
