N = 15
Integral = 0.193285
Error = 0.000519584
Time = 4.0568 s
