N = 17
Integral = 0.194396
Error = 0.00162997
Time = 8.54079 s
