N = 15
Integral = 0.239088
Error = 0.0463226
Time = 5.5294 s
