N = 20
Integral = 0.194786
Error = 0.00201981
Time = 21.6978 s
