N = 25
Integral = 0.191741
Error = 0.00102502
Time = 78.4336 s
