N = 9
Integral = 0.321518
Error = 0.128753
Time = 0.408223 s
