N = 21
Integral = 0.191249
Error = 0.00151707
Time = 26.1127 s
