N = 15
Integral = 0.189759
Error = 0.00300677
Time = 3.3412 s
