N = 11
Integral = 0.187432
Error = 0.00533409
Time = 0.507726 s
