N = 13
Integral = 0.188827
Error = 0.00393916
Time = 1.39348 s
