N = 5
Integral = 0.264249
Error = 0.0714833
Time = 0.0085196 s
