N = 27
Integral = 0.191913
Error = 0.000852217
Time = 120.087 s
