N = 19
Integral = 0.19089
Error = 0.0018753
Time = 13.9543 s
