N = 25
Integral = 0.194804
Error = 0.00203847
Time = 80.1479 s
