N = 7
Integral = 0.329525
Error = 0.136759
Time = 0.0707594 s
