N = 13
Integral = 0.261821
Error = 0.0690553
Time = 2.82199 s
