N = 31
Integral = 0.190985
Error = 0.00178099
Time = 465.758 s
