N = 22
Integral = 0.194813
Error = 0.00204769
Time = 62.1277 s
