N = 9
Integral = 0.169505
Error = 0.0232604
Time = 0.228073 s
