N = 25
Integral = 0.195817
Error = 0.00305085
Time = 130.986 s
