N = 27
Integral = 0.193524
Error = 0.00075868
Time = 263.981 s
