N = 29
Integral = 0.191995
Error = 0.000771133
Time = 306.378 s
