N = 10
Integral = 0.177081
Error = 0.015685
Time = 0.317179 s
