N = 23
Integral = 0.191524
Error = 0.00124143
Time = 46.7933 s
