N = 19
Integral = 0.211832
Error = 0.0190661
Time = 28.9484 s
