N = 17
Integral = 0.222933
Error = 0.0301668
Time = 18.0855 s
