N = 12
Integral = 0.188204
Error = 0.0045619
Time = 0.855737 s
