N = 12
Integral = 0.187305
Error = 0.00546032
Time = 0.970005 s
