N = 31
Integral = 0.192168
Error = 0.000597426
Time = 277.808 s
