N = 10000000
Integral = 0.19285047
Error = 8.47576083255475e-05
Standard deviation = 7.1530445e-09
Variance = 5.1166046e-10
Time =            5.1644614 s
