N = 10000000
Integral = 0.19285042
Error = 8.47065919535039e-05
Standard deviation = 7.1530455e-09
Variance = 5.116606e-10
Time =            1.7690288 s
