N = 100000000
Integral = 0.19275082
Error = 1.48954047133609e-05
Standard deviation = 3.4041848e-10
Variance = 1.1588474e-11
Time =           66.3662704 s
