N = 100000000
Integral = 0.19376425
Error = 0.000998540647161567
Standard deviation = 0.0030776143
Variance = 9.4717101e-06
Time =           87.5336815 s
