N = 1000000000
Integral = 0.19275638
Error = 9.32722671517783e-06
Standard deviation = 3.8530689e-11
Variance = 1.484614e-12
Time =          590.4009978 s
