N = 10000
Integral = 0.19593839
Error =  0.00317267998953125
Standard deviation = 3.9557479e-06
Variance = 1.5647942e-07
Time =            0.0059055 s
