N = 1000
Integral = 0.16817468
Error =   0.0245910327254715
Standard deviation = 3.3130448e-05
Variance = 1.0976266e-06
Time =            0.0009368 s
