N = 1000000
Integral = 0.21934475
Error =   0.0265790389106238
Standard deviation = 0.03553336
Variance = 0.0012626197
Time =            0.8868466 s
