N = 1000000000
Integral = 0.19275626
Error = 9.45296166773857e-06
Standard deviation = 3.8530664e-11
Variance = 1.484612e-12
Time =          344.3150704 s
