N = 1000000000
Integral = 0.19460153
Error =  0.00183581442635214
Standard deviation = 0.0011114823
Variance = 1.2353929e-06
Time =          896.1961175 s
