N = 10000000
Integral = 0.18044779
Error =   0.0123179222609457
Standard deviation = 0.006954257
Variance = 4.836169e-05
Time =            8.7656284 s
