N = 100000000
Integral = 0.19275105
Error = 1.46631750673198e-05
Standard deviation = 3.4041895e-10
Variance = 1.1588506e-11
Time =            18.328646 s
