N = 1000000
Integral = 0.19354966
Error = 0.000783946666058688
Standard deviation = 3.8097777e-08
Variance = 1.4514406e-09
Time =            0.1913138 s
