N = 1000
Integral = 0.04532403
Error =    0.147441680861601
Standard deviation = 0.018532849
Variance = 0.00034346648
Time =            0.0011788 s
