N = 10000
Integral = 0.36204871
Error =    0.169282997571198
Standard deviation = 0.23353019
Variance = 0.054536348
Time =              0.01229 s
