N = 100000
Integral = 0.15401721
Error =   0.0387484981547337
Standard deviation = 0.029614947
Variance = 0.00087704511
Time =            0.1243361 s
