N = 100000
Integral =   0.193014
Error = 0.000248292003320216
Standard deviation = 1.8213944e-08
Variance = 3.3174775e-11
Time =            0.0645618 s
