N = 1000
Integral = 0.33634936
Error =    0.143583645507833
Standard deviation = 6.7209763e-05
Variance = 4.5171523e-06
Time =            0.0053874 s
